# 10 10
523.84 521.71 520.26 519.50 520.34 516.93 517.43 517.47 515.48 519.89
# 10 10
518.76 516.37 519.04 518.35 517.44 520.40 520.60 526.66 537.10 545.72
# 10 10
542.17 534.23 527.57 527.18 523.93 525.46 523.39 523.61 524.60 527.91
# 10 10
525.67 526.51 521.29 519.38 517.59 518.41 517.96 521.78 520.74 519.88
# 10 10
520.92 519.36 520.35 520.14 520.02 519.83 519.14 518.64 519.23 518.91
# 10 10
517.93 517.34 515.73 514.58 514.60 516.74 516.50 516.05 514.46 514.64
# 10 10
514.85 514.85 515.46 515.79 516.58 515.42 516.80 518.66 517.85 518.49
# 10 10
519.24 519.98 518.64 520.25 520.23 519.98 519.57 519.41 520.30 519.97
# 10 10
519.76 519.92 519.57 518.98 518.08 517.80 518.25 518.15 518.02 517.40
# 10 10
517.24 516.97 517.83 531.74 522.67 522.26 526.98 531.60 528.26 526.96
